503
9377
9776
2882
3806
2731
583
1993
5582
7159
7666
2153
5390
8768
566
3567
9470
4169
2335
9542
1176
5026
909
1029
6129
5158
8509
4769
3342
3972
8322
5536
8692
2664
1218
3611
1080
5974
445
8879
6581
3810
5416
5697
2283
3694
9544
5547
8612
1729
5146
1960
1283
8273
416
6407
9718
9037
6837
1935
5002
1865
1
128
29
5542
3528
4609
4718
1229
3068
6076
9568
9896
8035
5250
5262
1054
3732
5356
1065
7849
9643
4223
525
8918
2012
5291
1922
6616
5684
2337
669
6697
9162
7246
7654
9054
2053
4632
1669
8453
3975
179
3910
5310
5799
8449
3739
995
2381
9396
1921
2181
1190
8737
6218
7285
9127
1027
3337
460
830
3753
4797
5656
5331
61
9061
7971
2270
178
5649
8657
707
5433
9465
230
8152
6208
791
5153
2935
8328
703
7657
4254
1857
5439
3939
3316
3428
1137
9261
4086
8141
2637
5706
4239
4578
4459
9162
5111
245
6647
8214
8658
6770
3085
4917
3737
389
5252
5373
7782
9323
9351
617
5752
3907
2062
6259
2487
5794
9195
7087
9073
9487
2944
6052
99
8225
7950
8872
3907
9827
7305
9574
2682
2561
4183
1103
9135
3459
7783
5306
207
8403
1086
1449
3752
6843
2412
7066
6612
6208
1854
9478
260
5397
8396
6154
6226
6606
7778
8591
2888
786
3292
9416
2366
3755
7547
7367
3790
3054
7444
9293
7028
3345
1032
8509
8514
4910
7694
379
2752
3427
3947
3750
8288
4610
1892
4638
2320
7276
6427
2420
9992
3221
9605
494
1315
5428
4284
7059
7418
554
5888
5065
444
3852
6904
8904
9706
8350
7734
8410
9326
4334
6361
8034
1276
8378
8684
2007
913
8032
9931
443
2056
2448
5446
9852
3756
7423
4606
3030
8887
7131
7469
7378
72
2406
4034
4448
9731
4705
3401
5692
7939
9382
3257
1696
1323
4002
871
1654
4122
2221
4329
1704
7148
8247
453
9110
3261
6593
2390
5603
7704
3813
3456
5341
686
7796
4235
6231
9458
5866
9388
3493
2561
799
1186
7314
7248
2348
7595
1729
6861
4920
8487
3199
6567
7007
7732
8273
2570
7998
2392
4784
8738
93
2974
5389
145
1097
1703
722
6539
7309
4721
3255
862
1356
2694
5806
6880
110
5835
9084
1313
9781
3257
5764
3871
6138
3657
1617
807
3241
3831
2991
3193
7238
7097
8775
3829
6202
6281
6374
8834
1198
7294
200
1950
2258
8041
9462
7455
6171
2443
4057
5959
6743
6068
8682
5446
2334
9878
6281
7337
5063
7576
3797
9169
9332
9814
6462
4815
3755
2134
3509
299
8017
8005
2428
9907
9829
3312
3663
4752
3655
9359
5471
2229
4067
5483
1191
1
3854
5873
9165
7603
7180
6990
2951
5773
6443
9306
2310
545
5855
6353
1076
3993
2203
7036
9238
5635
377
271
6381
4680
422
5595
1983
4894
6637
2963
9053
4067
7598
4524
9361
8314
4027
9550
4583
7762
671
6087
9076
3362
7947
3919
7623
1073
9822
6086
5898
4353
5745
8025
1892
9260
908
9699
3535
8182
472
3776
866
1826
2914
3645
650
1777
6697
5771
3354
2660
932
7011
8923
5763
3235
4483
6433
5959
6608
982
3853
4241
6913
8322
520
8574
4526
7099
4819
6593
5273
6869
8360
3776
3839
9719
5068
3356
2425
9978
6243
5015
5087
5184
2416
6826
6986
4562
296
7614
7220
9314
8450
1560
6527
3471
8813
4418
4462
2519
3166
6836
4116
1191
1972
8786
9015
7581
7354
7135
8384
14
4872
7471
6211
212
6486
5114
7957
5071
6783
5116
270
8429
4813
7033
2301
3428
4935
862
7634
5515
4004
5410
236
7321
5002
4988
1808
6789
472
1870
914
6092
1116
5455
6339
3538
4402
6391
9704
5343
5049
3795
9987
8459
4755
5880
1936
9156
7194
1908
445
9067
6266
3664
8262
4607
3854
5809
5389
4866
7546
9870
819
6008
5955
7740
3285
7757
374
7829
7126
2486
1260
2152
5525
303
4664
9114
6203
4084
489
3369
291
604
4291
2144
7126
1855
5108
7687
1666
9128
7574
6034
2342
1125
672
9674
4109
5499
6041
4313
4788
8855
5530
3935
6922
5807
782
1313
19
1143
7786
7249
168
7840
3459
6072
7295
810
8672
7376
1539
2554
2957
3471
4560
5207
472
8765
6253
6863
636
9478
5062
4182
3032
8971
3156
2078
1820
4947
5212
2370
3967
9519
9841
9628
4079
2812
7110
4023
6822
945
2644
6478
9877
7511
916
9427
5856
8217
5210
1020
2229
3185
623
4744
8379
9298
2393
1648
1651
9540
7625
312
2957
9465
1056
8228
762
9518
4255
5495
2969
8846
4778
7319
7905
5360
4007
9277
8170
2945
2681
6248
6296
332
8660
2721
5925
8630
7036
297
9353
8198
6047
4958
6280
6881
4859
7277
1129
8324
5389
4081
4559
650
5511
5545
9622
4142
4861
1432
5755
3546
3965
598
8872
3277
5912
4484
9835
7948
961
3549
7570
7103
2641
2343
7589
28
6469
8601
2575
7105
4693
9415
6506
586
4433
6920
4887
4579
5578
8745
8727
8152
1258
1002
8937
9112
4353
6117
1824
9015
1565
1776
912
722
4261
7736
1462
1438
4146
6493
2017
6841
4090
7069
9712
7202
8523
6920
7944
8485
4705
5187
1650
3998
8068
3832
9968
4447
8641
7178
1370
5773
5746
9254
3514
1620
9037
2389
5343
6234
9270
9886
178
1041
9682
9080
4707
1126
6969
2717
8238
9303
2327
4458
5792
7954
351
5780
2480
2104
3404
4388
4540
9200
4486
195
385
8823
7373
8512
3046
1958
7573
4814
2374
1628
3503
8027
2136
6010
9007
6699
9469
5389
9647
8548
1029
278
1600
6193
4798
838
9463
9802
8938
9109
8524
3195
3339
7137
2811
3232
8686
9140
5364
3714
8434
6894
5141
3915
9315
8513
6610
9318
6951
9996
2062
4418
5572
3695
4649
8789
348
4269
822
1725
9975
5760
4392
8066
1532
6774
2696
4407
2187
5144
2310
9727
8169
636
4089
3660
2680
2416
8436
1586
7810
5063
248
5243
4403
289
6368
2115
9537
962
4253
8356
2313
5700
8974
7564
3990
5816
4267
8137
7920
6056
6382
8647
1519
8632
4783
8785
6315
8939
4987
7027
5698
2402
4736
3408
8228
1007
1080
7631
8959
3832
9647
6752
8162
9191
9826
8669
7584
9357
2294
28
1267
8182
9138
9536
5065
5368
4955
3966
2848
7670
8538
6798
1178
3410
9451
7128
2093
8398
7685
8173
1674
5987
5665
6408
2519
7387
1193
4297
6027
4168
2142
833
3846
3960
5861
2029
4155
7408
3152
3785
4762
3573
2645
2501
7582
633
6029
4357
9104
1011
4571
3346
3878
6967
4390
46
5260
7461
4965
9028
1757
9102
4391
9390
1134
6656
4156
4193
5991
7698
8627
2083
9151
5675
896
1229
2403
6926
9801
6539
978
7503
1998
6112
8040
8937
8451
9830
1109
5592
9228
8915
7770
7505
404
5591
7807
7458
4697
7090
9155
3012
3095
482
5585
8061
8751
7482
3340
226
1972
3439
5591
5945
259
4428
7028
5164
2684
8101
9174
5194
9729
1784
4212
1591
2042
5919
5597
4324
2322
4338
6915
5017
3105
442
1894
7135
7591
3537
7182
7562
5346
8612
403
7412
6380
7850
7404
1157
5557
6222
4003
4893
6360
5144
8594
4356
5148
4571
636
5784
6441
2983
7786
9894
8741
6238
3184
4837
9835
4932
4156
5755
1654
559
4778
6659
4719
9054
1015
790
2305
4438
5264
4454
9861
7288
9797
746
4479
2542
1424
163
980
3956
7180
8062
5767
2435
4052
4482
4510
888
2410
8505
7029
4516
1696
2379
3391
2220
5734
3333
7957
9713
2592
3977
9757
1530
7603
4495
3223
4189
1821
6233
2694
4653
4542
1381
3978
4972
8759
7147
6726
530
7149
8422
1779
8038
249
1952
3648
9977
7215
9925
4644
3634
5545
2105
5346
7299
9536
1494
8552
3515
7367
9966
3476
293
4275
6943
4530
398
7291
4196
9223
8756
4360
1800
3715
4649
3064
9429
8743
2615
8854
139
9875
6670
9406
1980
634
5176
8751
9779
9061
4285
3921
2981
2112
9154
6624
5633
8069
3309
7381
6833
659
6035
4607
6434
4026
6563
2499
4239
1270
9515
5581
6105
3558
6008
9874
1604
5016
4315
3844
1467
1891
9046
5041
3316
6256
2935
7880
797
8997
2747
6312
853
7871
548
1543
2312
6700
8293
2828
5955
2579
6490
7643
6725
6800
4212
9146
2086
9792
9234
2276
7649
661
4555
8969
9645
5734
5592
4191
6282
551
463
8554
7478
7440
8025
4004
6175
9548
5701
265
2482
9840
8982
3601
1331
2422
6183
7914
1110
1254
8975
2194
1721
640
9888
4366
5252
2424
953
9162
7401
9790
1899
8590
326
3113
8280
5657
9882
3375
8631
7084
8915
3427
1189
2517
1541
5228
453
7127
1575
6894
4824
5170
8248
9064
6360
5653
2623
1465
9614
2476
208
2319
7971
5111
2122
4430
5908
1754
8061
7209
5326
9114
617
4527
5497
2523
5281
7637
8785
2019
3582
7373
9328
8153
2145
9984
9191
4384
5072
4445
155
9354
9234
8814
7820
4059
2949
131
4976
8971
8748
8157
8687
983
615
5897
1623
8693
6410
8854
2944
3074
6304
1477
346
7275
696
7101
8274
2948
3597
8520
580
3047
4467
5870
5994
1132
9181
7484
3298
2353
476
8144
7005
8247
1362
2851
3236
842
8149
5619
5990
4794
5774
5084
60
4522
1297
7347
8925
2405
5223
3039
301
872
4919
3124
2368
2207
308
3565
8925
7104
592
1621
3709
7406
7022
2803
7923
7899
6708
1088
2629
6798
6223
6757
2520
6268
2977
1637
1611
6422
7525
6437
8826
447
8723
1988
3922
8889
1039
6107
5156
6667
8268
3938
3603
7264
3774
2331
3831
1406
6141
9887
5044
8274
5557
52
9940
1957
9051
968
4497
8413
5578
9005
1343
1363
6170
4305
4534
5356
8466
3592
6141
8230
4021
5960
689
6417
3480
97
4934
8167
8675
2119
9525
2873
7094
2462
9283
56
1795
8608
1314
989
7785
4045
7360
7045
8465
6272
1213
6829
2737
1274
7339
2886
1341
4894
3438
7492
2526
2696
1330
9433
8971
5418
2236
6009
36
2005
4761
521
4605
7760
4754
2393
6855
1240
4353
3003
4698
5925
1197
272
8335
1028
9154
382
1195
4998
8924
1167
7685
2708
8049
72
3176
5965
5790
5428
8771
5871
6298
2765
4286
5325
4247
9847
3288
3011
950
2441
5611
355
8058
6584
5089
7002
8261
290
3088
8149
767
7876
9040
9818
3478
617
2590
6612
2239
2303
8345
3998
3769
2839
3657
1003
4786
8793
1311
8496
9588
7426
7336
2031
5143
8811
4379
1585
6698
1543
898
2414
5948
3768
4389
3052
3589
7535
4017
3954
9586
5598
8744
1064
6268
9772
9698
1805
2858
7300
2738
4165
5997
6490
9091
1197
6153
6300
609
8107
2164
3792
2564
1415
8119
832
2598
688
1201
5438
2966
9820
8363
7894
1589
4352
9030
6527
3774
9896
3280
9197
6099
4756
6406
7782
3826
80
6692
2174
5046
6446
1623
7954
762
6289
8035
4782
200
4105
4688
9403
1648
5350
1727
9897
3060
1786
5387
7412
2928
6784
9755
3174
8983
3683
1444
3241
7144
6829
1194
407
7631
4541
6119
4112
1224
211
2245
6311
4239
2827
9013
1801
7123
2195
8322
4651
8281
3147
31
7408
556
968
4317
8740
3074
7285
3289
8199
4713
3959
2594
7961
9521
3755
9704
3198
5683
5503
2544
8207
1999
2570
8916
9373
6948
6312
3255
5842
9111
629
4470
5238
1670
869
5082
1915
8743
8542
474
3077
7962
1124
6414
8425
1581
4623
7006
497
8686
1546
984
6778
6043
9194
1729
5754
6853
7929
9955
5793
2579
574
276
5531
9427
6747
3847
4126
4923
7475
4044
7671
8254
1445
434
1659
5514
8314
4781
9277
1870
3399
2947
2795
8024
8239
5040
8581
6748
3289
5673
9452
961
1961
4525
258
7190
5197
4680
4371
7842
1814
8657
1183
8409
3121
6899
212
1866
2961
9401
8132
5749
4859
1986
2152
8618
7662
3989
5009
637
7037
6926
4294
6021
9722
6549
207
3620
752
608
6461
7616
1661
8703
6739
944
2698
9349
9173
8787
4889
8454
1164
8025
7770
2060
4276
1765
1690
708
2626
4858
4616
7637
2692
4899
5637
6064
2903
6943
4648
227
6831
1001
4411
5704
5159
5
5509
2123
4693
9559
6453
1672
921
1165
9287
3154
9314
445
7750
2449
1485
1065
3423
4515
4795
286
4990
9907
1501
5901
4344
3478
1087
2944
1908
7090
8750
846
486
4361
8375
9930
8792
5283
7822
6630
935
9835
3079
9461
3704
96
8821
7645
1270
3371
5501
8475
4458
9200
2966
7169
8325
989
8271
7003
7740
847
716
4063
1184
1268
591
578
9432
1100
1535
2839
3726
6841
7112
8946
2740
6181
3951
347
2785
3490
2079
9934
9403
5948
3445
7567
834
1515
356
9148
3239
9653
5526
3594
4024
3520
6032
6657
5609
1605
7761
5188
607
8416
4743
6632
3852
6116
1390
2294
2051
7531
4117
5051
6055
1131
222
988
7300
3077
4866
1255
2681
6422
8415
4085
6257
7584
6160
6140
3389
5443
5207
881
4975
2117
6745
2602
3766
7041
502
9554
4257
9483
3043
7813
7553
337
54
6459
7807
2190
8125
2578
8951
152
8684
9299
7504
5001
1313
9703
8057
6074
5398
1091
5442
9867
1218
5646
4436
7184
5948
7859
9806
1798
6813
5602
3117
2659
4896
4576
5975
7610
8121
9135
9476
5070
4832
9897
2089
6350
665
6822
4754
3535
3361
6173
9628
791
3062
3846
108
5541
323
2302
9327
9631
6871
5972
2031
2659
1313
7776
4815
2303
5162
5555
9668
7372
3487
7674
7519
3236
9946
5996
5787
1252
332
3747
4079
4941
393
6775
897
309
1119
8053
2088
7914
8516
4143
6156
1958
8220
1678
6236
8030
2148
2130
7707
5141
6526
6458
7416
238
5129
5774
7384
1375
1932
3353
8626
5152
6895
3813
9575
3042
2581
415
6124
6476
714
3833
7254
2945
69
4862
1169
3582
5467
5264
3181
3279
1040
413
8821
5137
1306
9088
6765
7858
9172
5860
7927
4389
7467
3939
4882
6977
5657
4125
961
3401
5659
3252
5555
4806
9313
4308
3347
3857
2674
4896
8830
2429
330
760
3965
3568
5633
7318
9470
7250
4120
8503
9091
271
2643
3543
6151
8503
830
3893
6504
7380
7101
934
5014
8171
8900
4549
54
3531
4447
9912
8035
6563
8559
845
5458
7232
3586
5092
7952
5348
157
4678
266
6850
9817
7587
1880
8070
1064
3114
2776
6418
7218
3073
2515
1938
3920
8148
8286
641
5204
5930
5278
101
9139
3283
1352
9493
6705
8333
2309
602
6887
3958
703
9107
7842
8668
4907
3443
9259
5696
3107
5654
6031
6921
9182
609
3419
6117
8958
2854
9766
6618
3429
2615
6907
4491
117
6290
3521
1286
3107
8938
3289
9562
3559
8342
4787
4966
707
3331
9596
1612
4397
8709
4904
4068
9275
3802
3113
3309
1802
2847
7738
1854
2107
492
5786
1307
7227
7963
9272
1379
7277
1671
9175
518
294
2046
5406
5140
3236
3224
6095
1777
1916
8146
561
580
6735
8035
973
222
3848
9072
402
6696
7332
5242
6469
3238
4383
165
680
9288
7047
2948
8533
8702
6735
4672
7320
5771
1074
5400
471
9491
2914
1346
7918
6094
124
5279
9259
6014
4938
5628
2515
7213
2389
5924
5247
8544
340
2852
3991
7912
6421
4887
5640
7735
1815
175
9477
6687
1234
2885
3560
3910
6548
1848
1539
6246
7928
4721
3880
6161
485
231
257
1713
2672
6590
972
8669
6255
3899
2663
72
9868
6818
3188
3108
6081
48
393
3300
9494
2053
7927
9135
9093
5977
4964
6624
9670
6719
1143
3081
8556
1287
3264
584
9867
7725
3985
2978
3460
798
1021
5116
3022
3995
3996
3353
995
3943
5848
5070
6644
3898
3095
1681
2634
9656
4197
2895
7258
8060
8189
9788
7716
4941
5395
597
6457
803
593
8066
7638
7794
7565
4376
1137
5813
1092
3259
3535
6727
6357
8272
7727
3818
8316
6400
9047
9562
3529
6104
2153
6843
8108
7182
5681
8415
3360
5246
6990
6165
2097
9266
9082
5691
8827
8112
1304
9972
6913
13
2537
3668
3286
9359
1531
6424
1611
7952
3935
9746
118
2255
7349
434
7803
6257
9670
1553
2186
1173
9550
2935
3140
1316
5572
8988
3707
9543
7831
7915
6278
9507
1158
7331
8253
8159
3212
4391
2695
1670
9383
149
5486
8008
7892
3844
5116
5851
2856
8294
1252
4415
6685
8605
9071
7454
9703
7450
4833
8610
5170
8912
1191
6513
2010
3671
6720
724
8102
2349
421
9973
4898
4919
5654
7958
792
4021
7763
7055
9931
9075
2707
4495
6671
7147
4389
2388
3304
408
3921
6341
4813
2710
361
5964
3017
9845
9329
7425
8526
8317
7624
882
5286
6267
7378
8847
1591
1865
596
465
2418
9499
2204
1035
4105
310
5866
6264
8058
4683
9694
836
6093
833
543
807
406
9201
1205
3532
38
3019
6021
7615
5893
2853
9366
2773
1268
20
7492
7270
8386
883
2017
9157
8125
2976
3795
5360
6051
6054
3454
2098
1892
3749
8958
9078
7957
7294
2528
6791
6212
7690
3102
6514
1139
1691
5958
3565
6147
1226
2391
1537
3919
6126
6487
5650
2801
7118
4387
1871
8277
3534
723
7413
8264
5734
7529
7678
6908
3201
2471
2903
3659
2336
9898
9823
293
6462
374
4042
9097
5151
5903
806
7100
1105
4434
149
9608
7109
302
425
2132
2599
7026
2991
8012
8312
900
5233
477
909
9131
9887
5599
2608
7082
9496
4895
308
298
3730
9128
2135
7427
7753
1870
3280
9302
2612
7479
9031
7737
1123
645
276
2448
8869
6420
6927
8164
854
685
6006
5411
3045
9317
9838
1141
4803
6949
433
6806
4631
5942
6
2820
2175
9928
1102
6279
4049
9536
4185
3527
5392
2316
7433
6671
7242
2708
5247
5533
1966
8975
9746
9122
2459
6751
6046
1580
3907
6058
2712
93
286
7462
1328
2184
8507
9808
